  Description for Geocenter variations from SLR               
  Column 1: Year equivalent of first day of month             
  Column 2-4: Lower Pass Filtered X,Y,Z (mm)                  
  Column 5-7: SLR estimated X,Y,Z (mm)                        
  Column 8-10: Sigma for X,Y,Z (mm)                           
  Usage: (C11,S11,C10) = (X,Y,Z)/sqrt(3.0)/6378136000.0       
  Remark: Monthly station range bias and zenith delay adjusted
  FORMAT(F9.1,F12.4,6F9.3,3F7.2)                              
  1993.0000    5.077   -2.796   -1.605    6.477    1.797   -6.338   0.11   0.12   0.31
  1993.0849    4.639   -3.300   -1.244    1.922   -2.697    2.723   0.10   0.10   0.29
  1993.1615    3.765   -3.384   -1.106    5.188   -4.895    0.714   0.09   0.10   0.26
  1993.2464    2.562   -2.788   -1.336    1.450   -6.692   -3.054   0.11   0.12   0.26
  1993.3285    1.198   -1.521   -1.911    2.230   -4.670   -4.583   0.11   0.10   0.25
  1993.4134   -0.126    0.137   -2.656   -0.187    3.425    0.901   0.10   0.10   0.25
  1993.4956   -1.214    1.754   -3.323   -0.585    2.945   -1.864   0.10   0.09   0.21
  1993.5804   -1.920    2.913   -3.678   -0.832    3.154   -1.596   0.09   0.08   0.21
  1993.6653   -2.178    3.347   -3.579   -4.795    3.621  -10.809   0.09   0.08   0.20
  1993.7474   -2.004    2.991   -3.037   -4.289    2.258   -4.667   0.08   0.07   0.21
  1993.8323   -1.466    1.952   -2.253    2.444    3.179    2.852   0.09   0.09   0.27
  1993.9144   -0.645    0.449   -1.614    0.122    1.610    1.299   0.09   0.09   0.22
  1994.0000    0.397   -1.237   -1.600   -0.654   -4.129   -7.715   0.08   0.09   0.19
  1994.0849    1.612   -2.802   -2.625    1.034   -5.735    1.035   0.09   0.09   0.20
  1994.1615    2.931   -3.928   -4.840    2.030   -1.856   -5.718   0.08   0.08   0.21
  1994.2464    4.228   -4.321   -7.998    3.979   -2.408   -5.872   0.09   0.08   0.20
  1994.3285    5.313   -3.784  -11.461    8.049   -1.572  -11.862   0.10   0.09   0.20
  1994.4134    5.965   -2.309  -14.360    5.917   -3.452  -22.300   0.09   0.10   0.24
  1994.4956    6.014   -0.151  -15.860    2.151   -2.927  -10.555   0.09   0.10   0.25
  1994.5804    5.420    2.179  -15.438    8.112    1.690  -10.840   0.10   0.09   0.21
  1994.6653    4.304    4.032  -13.045    5.285    6.117  -16.892   0.10   0.09   0.23
  1994.7474    2.904    4.824   -9.132    0.798    4.659   -9.078   0.09   0.08   0.22
  1994.8323    1.475    4.256   -4.526    2.139    3.922   -6.683   0.09   0.09   0.20
  1994.9144    0.177    2.468   -0.217   -0.136    3.443    2.904   0.10   0.09   0.20
  1995.0000   -0.968    0.022    2.891    0.434   -0.752    3.934   0.10   0.10   0.21
  1995.0849   -2.032   -2.269    4.202   -2.440   -3.165    2.200   0.09   0.09   0.23
  1995.1615   -3.058   -3.612    3.589   -4.084   -3.805    1.904   0.07   0.07   0.19
  1995.2464   -3.947   -3.513    1.441   -3.530   -1.276    0.026   0.08   0.08   0.21
  1995.3285   -4.428   -1.925   -1.438   -4.641   -2.118    2.117   0.10   0.09   0.22
  1995.4134   -4.161    0.745   -4.070   -5.138   -0.508    3.383   0.09   0.09   0.24
  1995.4956   -2.932    3.793   -5.613   -1.071    2.425  -15.003   0.10   0.09   0.24
  1995.5804   -0.841    6.436   -5.643    1.836    8.742   -9.854   0.10   0.10   0.26
  1995.6653    1.645    8.023   -4.282   -2.748    6.453   -0.824   0.09   0.09   0.24
  1995.7474    3.824    8.181   -2.115    3.454   10.701    0.202   0.08   0.08   0.24
  1995.8323    5.037    6.875    0.053    3.433    3.855    2.904   0.08   0.08   0.22
  1995.9144    4.950    4.393    1.504   10.443    6.059    4.592   0.11   0.11   0.30
  1996.0000    3.701    1.271    1.837    5.026    2.478   -1.521   0.10   0.10   0.21
  1996.0849    1.817   -1.823    1.057   -2.576   -3.164   -7.711   0.09   0.09   0.22
  1996.1643   -0.048   -4.237   -0.491   -0.339   -5.837    1.328   0.08   0.09   0.22
  1996.2491   -1.412   -5.490   -2.278   -4.180   -5.905   -3.120   0.08   0.09   0.23
  1996.3313   -2.132   -5.384   -3.749    1.553   -3.598    2.120   0.09   0.09   0.21
  1996.4162   -2.357   -4.043   -4.464   -0.125   -2.386    4.341   0.10   0.09   0.23
  1996.4983   -2.314   -1.854   -4.191   -2.215   -1.241   -9.894   0.10   0.10   0.28
  1996.5832   -2.085    0.659   -2.963   -2.618   -1.923   -8.164   0.08   0.08   0.22
  1996.6680   -1.527    2.982   -1.088   -5.656    1.772   -1.290   0.09   0.08   0.20
  1996.7502   -0.405    4.713    0.922   -1.622    6.011   -2.893   0.10   0.09   0.24
  1996.8350    1.345    5.605    2.488    5.752    6.912    3.398   0.10   0.10   0.27
  1996.9172    3.408    5.566    3.149    3.641    1.710   10.110   0.11   0.11   0.27
  1997.0000    5.095    4.637    2.709    6.262    8.304    4.034   0.12   0.10   0.37
  1997.0849    5.598    3.001    1.275    2.673    2.082   -2.109   0.11   0.09   0.33
  1997.1615    4.393    0.988   -0.841    4.572    4.101    0.188   0.10   0.09   0.30
  1997.2464    1.560   -0.941   -3.271    1.198   -3.289   -3.886   0.08   0.08   0.22
  1997.3285   -2.155   -2.277   -5.722   -0.709   -3.949   -5.511   0.09   0.08   0.23
  1997.4134   -5.589   -2.610   -7.976   -4.671   -4.171  -12.740   0.10   0.10   0.23
  1997.4956   -7.610   -1.782   -9.809   -9.816    0.448   -6.967   0.11   0.10   0.25
  1997.5804   -7.562    0.014  -10.889   -8.405   -0.093  -15.108   0.10   0.09   0.25
  1997.6653   -5.486    2.268  -10.803   -4.746    4.015   -7.163   0.09   0.08   0.21
  1997.7474   -2.065    4.312   -9.222    1.059    4.810    1.407   0.08   0.08   0.19
  1997.8323    1.671    5.539   -6.162    1.015    3.755  -11.689   0.10   0.09   0.23
  1997.9144    4.713    5.613   -2.155    1.963    4.346   -7.474   0.11   0.10   0.24
  1998.0000    6.365    4.561    1.802    5.491    5.945   -0.519   0.09   0.09   0.24
  1998.0849    6.380    2.747    4.556    8.741    1.532    8.480   0.08   0.08   0.22
  1998.1615    4.931    0.727    5.242    6.142    1.810    3.707   0.08   0.08   0.21
  1998.2464    2.499   -0.924    3.657    0.370    0.339    3.022   0.08   0.08   0.19
  1998.3285   -0.282   -1.772    0.364    0.005   -3.921    1.467   0.08   0.08   0.19
  1998.4134   -2.755   -1.620   -3.515   -2.465   -0.807    2.654   0.10   0.08   0.22
  1998.4956   -4.368   -0.537   -6.737   -3.493    0.370   -8.008   0.09   0.09   0.20
  1998.5804   -4.783    1.169   -8.383   -6.476   -0.331  -12.427   0.07   0.07   0.19
  1998.6653   -3.952    3.037   -8.147   -4.259    4.203   -8.597   0.08   0.08   0.21
  1998.7474   -2.142    4.565   -6.355    0.270    4.353  -10.500   0.08   0.09   0.23
  1998.8323    0.125    5.343   -3.771   -1.907    3.573   -1.289   0.08   0.08   0.21
  1998.9144    2.215    5.167   -1.283    4.328    6.335    2.855   0.09   0.09   0.19
  1999.0000    3.557    4.098    0.370    2.734    5.781   -0.480   0.08   0.07   0.18
  1999.0849    3.806    2.433    0.785    3.063    1.383    2.237   0.08   0.08   0.20
  1999.1615    2.923    0.599   -0.051    0.707    0.671   -1.302   0.09   0.09   0.22
  1999.2464    1.166   -0.995   -1.799    3.222   -3.336   -4.614   0.09   0.09   0.21
  1999.3285   -1.001   -2.080   -3.882    0.355   -0.722   -0.637   0.08   0.08   0.21
  1999.4134   -3.044   -2.583   -5.630   -3.446   -1.233   -6.439   0.08   0.08   0.18
  1999.4956   -4.481   -2.592   -6.461   -4.377   -1.896  -10.919   0.09   0.09   0.18
  1999.5804   -4.991   -2.277   -6.036   -5.515   -3.749   -5.946   0.08   0.07   0.18
  1999.6653   -4.472   -1.813   -4.373   -4.269   -1.998   -0.612   0.08   0.07   0.19
  1999.7474   -3.063   -1.333   -1.852   -4.176   -1.895    1.640   0.08   0.07   0.19
  1999.8323   -1.126   -0.947    0.877   -1.443   -0.994    2.681   0.07   0.08   0.19
  1999.9144    0.839   -0.751    3.089    0.460   -0.034   -2.910   0.08   0.08   0.21
  2000.0000    2.311   -0.835    4.195    3.261    0.094    2.739   0.08   0.08   0.20
  2000.0849    2.903   -1.233    3.919    6.199   -2.543    3.541   0.08   0.07   0.17
  2000.1643    2.488   -1.877    2.365    1.315   -0.371    1.602   0.09   0.08   0.20
  2000.2491    1.249   -2.569   -0.020   -0.857   -4.025    3.686   0.09   0.08   0.19
  2000.3313   -0.376   -3.035   -2.594   -1.427   -1.641   -1.759   0.08   0.08   0.19
  2000.4162   -1.841   -3.030   -4.702   -0.343   -4.356   -5.028   0.08   0.08   0.18
  2000.4983   -2.683   -2.462   -5.851   -3.685   -3.599   -3.850   0.08   0.08   0.20
  2000.5832   -2.674   -1.465   -5.822   -2.540   -1.249   -7.337   0.07   0.07   0.19
  2000.6680   -1.884   -0.367   -4.712   -0.400    2.011   -8.943   0.08   0.08   0.20
  2000.7502   -0.631    0.425   -2.896    0.833   -0.668   -1.850   0.08   0.08   0.18
  2000.8350    0.645    0.586   -0.930   -1.163    3.392   -0.714   0.09   0.08   0.20
  2000.9172    1.527   -0.001    0.582    0.419   -3.537    1.230   0.08   0.08   0.18
  2001.0000    1.750   -1.193    1.146    2.966   -1.685    1.097   0.08   0.08   0.20
  2001.0849    1.260   -2.625    0.519    0.509   -2.448    4.337   0.08   0.08   0.19
  2001.1615    0.219   -3.818   -1.194   -0.327   -3.435   -1.866   0.08   0.08   0.21
  2001.2464   -1.040   -4.305   -3.546   -1.485   -3.084   -3.531   0.07   0.07   0.18
  2001.3285   -2.112   -3.763   -5.860    0.644   -3.157  -11.126   0.07   0.07   0.15
  2001.4134   -2.633   -2.112   -7.445   -3.019   -2.453   -5.181   0.07   0.07   0.16
  2001.4956   -2.400    0.430   -7.849   -2.118   -0.757  -10.036   0.07   0.07   0.18
  2001.5804   -1.459    3.351   -7.029   -3.808    2.052   -5.376   0.07   0.07   0.19
  2001.6653   -0.093    5.954   -5.382   -0.270    7.259   -3.246   0.07   0.08   0.19
  2001.7474    1.268    7.534   -3.589    2.161    9.159   -3.523   0.08   0.09   0.23
  2001.8323    2.215    7.612   -2.341    2.943    6.867    0.710   0.08   0.08   0.20
  2001.9144    2.520    6.118   -2.064    3.179    4.719   -2.322   0.08   0.08   0.18
  2002.0000    2.216    3.441   -2.765    1.084    4.362  -11.931   0.10   0.09   0.20
  2002.0849    1.551    0.321   -4.058    1.670   -0.627   -3.101   0.09   0.09   0.21
  2002.1615    0.846   -2.408   -5.357    0.548   -1.473   -1.073   0.10   0.09   0.20
  2002.2464    0.337   -4.103   -6.118   -0.501   -3.067   -2.956   0.09   0.09   0.19
  2002.3285    0.074   -4.503   -6.030    1.639   -4.571   -8.452   0.09   0.09   0.21
  2002.4134   -0.053   -3.756   -5.076    0.215   -4.758   -5.108   0.09   0.08   0.20
  2002.4956   -0.206   -2.289   -3.475   -0.737   -4.736   -2.210   0.09   0.09   0.17
  2002.5804   -0.477   -0.593   -1.549   -0.883    1.626   -5.531   0.10   0.10   0.20
  2002.6653   -0.818    0.938    0.389   -0.221    1.546    1.051   0.09   0.08   0.21
  2002.7474   -1.073    2.077    2.090   -1.563    2.060    3.467   0.09   0.08   0.20
  2002.8323   -1.069    2.715    3.374   -2.379    3.366    3.276   0.08   0.08   0.19
  2002.9144   -0.728    2.790    4.102    0.949    2.909    6.372   0.10   0.09   0.22
  2003.0000   -0.103    2.251    4.175   -0.116   -0.210    3.303   0.09   0.09   0.25
  2003.0849    0.635    1.105    3.562    0.942    1.477    1.723   0.09   0.08   0.20
  2003.1615    1.276   -0.499    2.333    1.221    0.339    0.176   0.09   0.08   0.17
  2003.2464    1.649   -2.223    0.679    1.108   -2.518    1.905   0.09   0.09   0.20
  2003.3285    1.679   -3.586   -1.119    1.097   -3.140    3.493   0.10   0.10   0.20
  2003.4134    1.397   -4.122   -2.760    2.819   -3.213   -2.864   0.09   0.09   0.20
  2003.4956    0.925   -3.582   -4.011   -0.500   -3.838   -8.577   0.10   0.08   0.19
  2003.5804    0.447   -2.061   -4.759   -0.283   -2.840   -5.576   0.09   0.08   0.18
  2003.6653    0.156   -0.001   -5.018    1.607   -0.506   -1.912   0.09   0.09   0.18
  2003.7474    0.210    1.960   -4.878    0.571    2.370   -6.052   0.08   0.09   0.19
  2003.8323    0.670    3.220   -4.435    1.869    3.489   -2.764   0.10   0.09   0.22
  2003.9144    1.464    3.430   -3.742    0.287    1.978   -3.848   0.09   0.09   0.20
  2004.0000    2.388    2.597   -2.804    1.538    3.859   -4.994   0.09   0.09   0.22
  2004.0849    3.159    1.052   -1.626    2.313    2.254   -1.420   0.11   0.09   0.21
  2004.1643    3.506   -0.696   -0.273    4.396   -0.435    1.370   0.12   0.10   0.22
  2004.2491    3.271   -2.137    1.097    2.994   -2.911    0.602   0.11   0.09   0.21
  2004.3313    2.468   -2.919    2.246    2.436   -5.740    1.497   0.10   0.09   0.18
  2004.4162    1.286   -2.918    2.930    3.182   -1.600    5.734   0.11   0.11   0.24
  2004.4983    0.024   -2.238    2.981    0.824   -1.525   -0.080   0.12   0.10   0.29
  2004.5832   -1.003   -1.149    2.370   -2.349    0.495    1.597   0.12   0.11   0.24
  2004.6680   -1.559    0.001    1.214   -4.253   -0.807    0.584   0.12   0.11   0.27
  2004.7502   -1.547    0.873   -0.257   -0.597    1.838    3.507   0.11   0.10   0.22
  2004.8350   -1.016    1.213   -1.770   -0.371   -2.591   -0.763   0.12   0.09   0.21
  2004.9172   -0.140    0.903   -3.061   -0.096    1.220   -5.393   0.11   0.09   0.20
  2005.0000    0.837   -0.006   -3.940    2.277    1.488   -4.203   0.13   0.09   0.21
  2005.0849    1.656   -1.306   -4.319    2.247    0.417   -5.539   0.12   0.10   0.24
  2005.1615    2.101   -2.676   -4.243    0.174   -1.501   -6.989   0.11   0.09   0.24
  2005.2464    2.042   -3.751   -3.880    1.294   -5.928    1.850   0.11   0.09   0.19
  2005.3285    1.463   -4.224   -3.472    1.784   -6.109   -0.973   0.12   0.09   0.21
  2005.4134    0.474   -3.934   -3.233    0.875   -3.954   -8.622   0.11   0.08   0.19
  2005.4956   -0.705   -2.925   -3.233    0.951   -1.859   -2.844   0.12   0.08   0.20
  2005.5804   -1.791   -1.445   -3.332   -3.448   -0.223   -3.367   0.11   0.08   0.19
  2005.6653   -2.501    0.107   -3.215   -2.670    0.154   -3.705   0.10   0.09   0.20
  2005.7474   -2.638    1.305   -2.544   -2.746    0.523   -0.520   0.10   0.09   0.21
  2005.8323   -2.154    1.831   -1.157   -1.159    2.090   -1.057   0.11   0.09   0.22
  2005.9144   -1.180    1.577    0.785   -1.216    1.718    0.230   0.10   0.09   0.18
  2006.0000   -0.003    0.692    2.794   -0.146    0.464    4.236   0.10   0.09   0.22
  2006.0849    1.022   -0.483    4.215    1.629   -1.430    2.259   0.10   0.09   0.19
  2006.1615    1.587   -1.531    4.481   -1.051   -1.770    2.022   0.12   0.09   0.20
  2006.2464    1.543   -2.109    3.345    2.302   -1.163    3.332   0.09   0.08   0.17
  2006.3285    0.950   -2.062    0.985    2.254   -1.907    5.233   0.09   0.08   0.18
  2006.4134    0.052   -1.447   -2.050    1.992   -0.221    0.137   0.10   0.09   0.19
  2006.4956   -0.823   -0.486   -5.019   -2.616   -1.080   -7.913   0.10   0.09   0.19
  2006.5804   -1.388    0.537   -7.197   -3.402   -0.545  -10.382   0.10   0.09   0.20
  2006.6653   -1.490    1.374   -8.067   -1.164    0.205   -5.785   0.08   0.08   0.17
  2006.7474   -1.135    1.862   -7.436    0.373    4.090   -8.591   0.11   0.10   0.22
  2006.8323   -0.447    1.928   -5.490    0.012    0.824   -3.306   0.11   0.10   0.22
  2006.9144    0.407    1.567   -2.769    1.010    1.892   -2.951   0.09   0.09   0.21
  2007.0000    1.283    0.824   -0.045   -0.273    1.962   -3.496   0.11   0.10   0.21
  2007.0849    2.067   -0.193    1.891    1.657   -0.900    5.263   0.11   0.10   0.21
  2007.1615    2.658   -1.291    2.508    2.686   -2.128    3.658   0.09   0.08   0.19
  2007.2464    2.935   -2.197    1.754    2.631   -2.823    0.805   0.09   0.08   0.18
  2007.3285    2.773   -2.614    0.124    3.908   -1.933   -0.454   0.09   0.08   0.18
  2007.4134    2.097   -2.321   -1.530    3.091   -0.836   -2.346   0.08   0.08   0.16
  2007.4956    0.958   -1.293   -2.360    0.630   -1.885   -6.177   0.09   0.09   0.18
  2007.5804   -0.432    0.252   -1.916   -1.448   -0.239    2.723   0.09   0.08   0.18
  2007.6653   -1.729    1.881   -0.352   -2.668    3.052    1.171   0.12   0.11   0.23
  2007.7474   -2.574    3.087    1.665   -1.152    1.138    2.830   0.11   0.09   0.20
  2007.8323   -2.730    3.463    3.311   -4.384    3.622    0.599   0.10   0.10   0.20
  2007.9144   -2.182    2.851    4.014   -0.922    2.423    2.220   0.09   0.09   0.19
  2008.0000   -1.146    1.398    3.700   -0.417    1.162    0.655   0.08   0.08   0.18
  2008.0849    0.007   -0.502    2.737    0.562    2.266    8.997   0.09   0.08   0.17
  2008.1643    0.895   -2.335    1.631   -0.537   -1.691    1.179   0.09   0.09   0.19
  2008.2491    1.250   -3.629    0.680    0.478   -3.927    0.140   0.12   0.12   0.24
  2008.3313    0.996   -4.079   -0.183    2.059   -6.833    1.478   0.12   0.11   0.23
  2008.4162    0.255   -3.611   -1.276    0.893   -5.047   -3.632   0.10   0.10   0.21
  2008.4983   -0.704   -2.389   -2.836   -1.230   -1.578   -6.306   0.10   0.09   0.21
  2008.5832   -1.542   -0.761   -4.724   -3.624    0.480   -5.318   0.10   0.08   0.19
  2008.6680   -1.942    0.824   -6.362   -0.815    3.138   -0.504   0.10   0.09   0.21
  2008.7502   -1.695    1.928   -6.965    0.207    0.891   -5.851   0.09   0.09   0.20
  2008.8350   -0.768    2.243   -5.961   -0.570    2.075   -4.240   0.11   0.11   0.23
  2008.9172    0.660    1.678   -3.348   -0.560    1.553  -10.541   0.10   0.09   0.21
  2009.0000    2.229    0.399    0.220    2.734   -1.707   -0.084   0.10   0.10   0.20
  2009.0849    3.500   -1.231    3.669    2.081   -1.243    4.326   0.09   0.10   0.21
  2009.1615    4.110   -2.767    5.936    3.671   -1.801    7.912   0.08   0.09   0.18
  2009.2464    3.910   -3.840    6.388    2.737   -2.925    8.935   0.10   0.10   0.21
  2009.3285    3.034   -4.266    5.009    6.051   -3.701    5.344   0.10   0.10   0.20
  2009.4134    1.834   -4.077    2.314    4.286   -3.147   -0.176   0.11   0.11   0.23
  2009.4956    0.728   -3.454   -0.917   -1.247   -6.035   -2.498   0.08   0.08   0.17
  2009.5804    0.017   -2.623   -3.953   -1.742   -3.087   -5.449   0.10   0.08   0.19
  2009.6653   -0.223   -1.768   -6.301   -0.362   -2.205   -4.285   0.10   0.09   0.19
  2009.7474   -0.126   -0.999   -7.757   -1.028    1.228   -6.063   0.12   0.11   0.23
  2009.8323    0.080   -0.389   -8.354    1.182    1.022   -5.936   0.09   0.09   0.19
  2009.9144    0.230   -0.015   -8.269    1.704   -1.797   -9.248   0.10   0.10   0.20
  2010.0000    0.304    0.032   -7.751    0.730   -1.797  -12.113   0.09   0.10   0.19
  2010.0849    0.405   -0.297   -7.055   -1.410    0.764   -8.627   0.10   0.10   0.21
  2010.1615    0.648   -0.935   -6.367    1.777   -0.203   -3.313   0.11   0.10   0.21
  2010.2464    1.042   -1.654   -5.730    0.116   -1.267   -4.362   0.11   0.08   0.20
  2010.3285    1.440   -2.102   -5.013    0.960   -3.047   -2.403   0.11   0.09   0.20
  2010.4134    1.608   -1.941   -3.984    3.425   -1.213   -6.617   0.11   0.09   0.19
  2010.4956    1.365   -0.997   -2.462   -0.734   -1.389   -4.075   0.11   0.09   0.21
  2010.5804    0.708    0.624   -0.502    0.932    0.650   -2.350   0.09   0.08   0.18
  2010.6653   -0.152    2.535    1.532    1.876    2.322    3.932   0.09   0.08   0.19
  2010.7474   -0.874    4.190    3.069   -1.549    3.824    4.070   0.10   0.09   0.19
  2010.8323   -1.150    5.074    3.598   -2.013    5.630    5.023   0.08   0.08   0.17
  2010.9144   -0.857    4.885    2.948   -1.056    5.331    0.332   0.11   0.10   0.22
  2011.0000   -0.114    3.636    1.419    1.387    3.298    2.233   0.10   0.10   0.21
  2011.0849    0.778    1.649   -0.348   -0.149    1.089   -1.890   0.11   0.10   0.21
  2011.1615    1.491   -0.547   -1.703    0.849    0.580   -0.375   0.10   0.09   0.20
  2011.2464    1.817   -2.365   -2.336    1.842   -4.448   -4.024   0.11   0.09   0.21
  2011.3285    1.758   -3.322   -2.430    1.303   -0.557    0.783   0.11   0.09   0.20
  2011.4134    1.494   -3.167   -2.507    4.134   -3.804   -2.972   0.10   0.09   0.19
  2011.4956    1.271   -1.934   -3.056    0.971   -3.818   -5.662   0.10   0.09   0.19
  2011.5804    1.264    0.057   -4.164    0.101   -0.210   -1.920   0.10   0.09   0.20
  2011.6653    1.499    2.291   -5.396   -0.222    4.864   -5.047   0.11   0.10   0.21
  2011.7474    1.865    4.188   -6.002    2.621    3.175   -7.179   0.11   0.10   0.20
  2011.8323    2.194    5.256   -5.357    2.885    5.016   -7.247   0.09   0.09   0.19
  2011.9144    2.369    5.222   -3.368    4.247    6.576   -4.409   0.10   0.09   0.21
  2012.0000    2.378    4.101   -0.603    0.708    2.162    4.266   0.10   0.08   0.20
  2012.0849    2.293    2.186    1.937    1.434    2.331    1.996   0.08   0.08   0.16
  2012.1643    2.183   -0.031    3.297    2.364    0.090    3.567   0.09   0.09   0.19
  2012.2491    2.029   -1.984    3.018    3.319   -1.642   -0.400   0.09   0.09   0.18
  2012.3313    1.708   -3.183    1.334    1.607   -2.821    0.968   0.08   0.08   0.17
  2012.4162    1.064   -3.342   -0.981    1.223   -2.963    1.652   0.09   0.08   0.17
  2012.4983    0.038   -2.470   -3.016   -1.710   -2.961   -4.894   0.09   0.08   0.17
  2012.5832   -1.224   -0.880   -4.139   -1.327   -1.538   -5.294   0.09   0.08   0.18
  2012.6680   -2.370    0.889   -4.220   -2.312    1.682   -3.490   0.09   0.07   0.17
  2012.7502   -2.972    2.236   -3.596   -1.250    0.784   -1.898   0.10   0.07   0.17
  2012.8350   -2.733    2.703   -2.813   -0.625    3.821   -0.197   0.08   0.09   0.17
  2012.9172   -1.662    2.145   -2.348   -5.025    3.375   -0.350   0.10   0.10   0.20
  2013.0000   -0.114    0.787   -2.421    1.038   -0.554   -8.755   0.10   0.10   0.20
  2013.0849    1.344   -0.860   -2.979    0.447   -0.009   -4.701   0.09   0.09   0.19
  2013.1615    2.183   -2.208   -3.787   -0.134   -4.027   -5.770   0.10   0.09   0.19
  2013.2464    2.154   -2.823   -4.562    4.232   -2.500   -1.664   0.10   0.09   0.19
  2013.3285    1.394   -2.582   -5.052    2.356   -2.205   -1.112   0.10   0.09   0.19
  2013.4134    0.338   -1.680   -5.068    1.280   -0.120   -2.969   0.10   0.09   0.20
  2013.4956   -0.509   -0.507   -4.493    0.328   -0.758   -6.126   0.11   0.09   0.20
  2013.5804   -0.813    0.542   -3.300   -2.423   -0.137   -2.336   0.11   0.09   0.19
  2013.6653   -0.547    1.209   -1.581   -2.087    0.034   -6.560   0.09   0.08   0.18
  2013.7474    0.044    1.414    0.434   -1.707    2.433   -2.530   0.10   0.09   0.19
  2013.8323    0.618    1.190    2.412    2.399    0.500    4.065   0.10   0.09   0.19
  2013.9144    0.924    0.598    4.008    3.000    0.877    5.856   0.10   0.08   0.19
  2014.0000    0.917   -0.328    4.960    1.179   -0.150    5.428   0.09   0.09   0.18
  2014.0849    0.733   -1.539    5.153   -0.036   -1.057   10.981   0.10   0.09   0.20
  2014.1615    0.570   -2.904    4.614   -0.279   -1.996    2.747   0.09   0.08   0.18
  2014.2464    0.548   -4.148    3.454    0.269   -4.992    1.755   0.09   0.08   0.18
  2014.3285    0.647   -4.896    1.805    1.615   -4.954    0.673   0.09   0.08   0.16
  2014.4134    0.749   -4.802   -0.186   -0.370   -5.440   -4.565   0.08   0.08   0.16
  2014.4956    0.745   -3.722   -2.314    1.247   -5.912   -4.169   0.08   0.09   0.17
  2014.5804    0.623   -1.831   -4.274    0.488    0.236   -1.414   0.08   0.09   0.18
  2014.6653    0.500    0.384   -5.673    0.575    1.560   -1.221   0.08   0.08   0.17
  2014.7474    0.552    2.276   -6.149    0.583    2.345   -0.081   0.08   0.08   0.17
  2014.8323    0.906    3.260   -5.536    3.086    3.643   -7.420   0.13   0.14   0.24
  2014.9144    1.546    3.025   -3.999   -0.497    2.980  -12.024   0.09   0.09   0.19
  2015.0000    2.303    1.636   -2.021    1.905    0.299   -6.134   0.10   0.10   0.23
  2015.0849    2.914   -0.501   -0.231    2.834   -2.335    4.045   0.09   0.09   0.19
  2015.1615    3.141   -2.793    0.866    2.731   -2.962    3.602   0.09   0.09   0.19
  2015.2464    2.873   -4.657    1.115    3.599   -1.582    0.085   0.09   0.08   0.17
  2015.3285    2.166   -5.685    0.768    3.104   -5.799    4.790   0.10   0.08   0.18
  2015.4134    1.219   -5.732    0.339    2.365   -5.069   -1.055   0.09   0.07   0.16
  2015.4956    0.288   -4.904    0.317   -2.002   -6.409   -1.091   0.11   0.08   0.18
  2015.5804   -0.403   -3.488    0.913   -1.536   -2.844   -2.945   0.09   0.08   0.17
  2015.6653   -0.735   -1.857    1.949    0.229   -2.568    0.741   0.09   0.08   0.17
  2015.7474   -0.702   -0.388    2.954    0.674   -1.851    6.849   0.09   0.09   0.18
  2015.8323   -0.390    0.602    3.406   -1.152    1.259    7.291   0.09   0.08   0.18
  2015.9144    0.076    0.894    2.978    0.828    2.372    4.176   0.09   0.08   0.16
  2016.0000    0.572    0.414    1.674    0.144    0.509   -2.480   0.10   0.10   0.20
  2016.0849    1.000   -0.736   -0.178    1.093   -0.696   -3.284   0.09   0.11   0.18
  2016.1643    1.283   -2.257   -2.066   -0.705   -2.491   -4.152   0.09   0.09   0.18
  2016.2491    1.367   -3.697   -3.475    0.731   -4.602   -2.168   0.09   0.08   0.17
  2016.3313    1.215   -4.552   -4.027    5.197   -4.473    0.946   0.10   0.09   0.19
  2016.4162    0.828   -4.430   -3.569   -0.265   -4.120   -0.328   0.09   0.09   0.19
  2016.4983    0.270   -3.217   -2.185    0.429   -3.816   -2.882   0.09   0.09   0.19
  2016.5832   -0.323   -1.161   -0.172   -0.572   -0.268   -3.973   0.10   0.08   0.19
  2016.6680   -0.770    1.168    2.032   -2.332    2.040   -1.744   0.10   0.08   0.19
  2016.7502   -0.910    3.055    3.949   -1.089    1.945    4.007   0.08   0.09   0.18
  2016.8350   -0.670    3.897    5.191   -0.593    3.988    5.094   0.10   0.08   0.19
  2016.9172   -0.124    3.424    5.569    1.662    2.273   11.485   0.11   0.08   0.17
  2017.0000    0.525    1.803    5.146    0.773    2.198    4.918   0.11   0.08   0.17
  2017.0849    1.019   -0.433    4.193    0.923    1.045    3.033   0.09   0.08   0.17
  2017.1615    1.160   -2.588    3.059   -0.734   -2.833    1.622   0.10   0.08   0.17
  2017.2464    0.907   -4.056    2.023    1.374   -4.147    3.468   0.11   0.08   0.17
  2017.3285    0.406   -4.509    1.199    2.282   -4.356    2.072   0.10   0.08   0.17
  2017.4134   -0.072   -3.954    0.530   -1.669   -5.084   -2.615   0.09   0.08   0.17
  2017.4956   -0.247   -2.668   -0.119   -1.093   -3.618   -3.316   0.10   0.08   0.17
  2017.5804    0.043   -1.054   -0.847    0.404   -0.014   -0.055   0.10   0.08   0.18
  2017.6653    0.782    0.492   -1.632    2.526    0.933    2.895   0.10   0.08   0.17
  2017.7474    1.785    1.668   -2.331    1.245    2.103    2.084   0.09   0.08   0.17
  2017.8323    2.790    2.283   -2.754    2.251    3.253   -3.479   0.11   0.09   0.19
  2017.9144    3.559    2.249   -2.757    3.817    1.964   -8.977   0.11   0.09   0.20
  2018.0000    3.951    1.580   -2.312    4.236    0.697   -4.942   0.10   0.09   0.19
  2018.0849    3.945    0.398   -1.511    3.854   -1.959    1.905   0.10   0.09   0.19
  2018.1615    3.607   -1.046   -0.518    0.509   -0.725   -1.728   0.10   0.09   0.18
  2018.2464    3.047   -2.397    0.499    5.447   -1.014    2.596   0.11   0.09   0.18
  2018.3285    2.380   -3.277    1.419    4.834   -1.230    5.890   0.10   0.10   0.19
  2018.4134    1.713   -3.405    2.182    0.751   -3.469   -0.608   0.11   0.09   0.19
  2018.4956    1.139   -2.723    2.766   -0.447   -3.599   -1.747   0.11   0.09   0.19
  2018.5804    0.737   -1.454    3.146   -1.219   -2.780    4.218   0.10   0.08   0.19
  2018.6653    0.554   -0.055    3.278    4.173   -0.289    5.417   0.10   0.08   0.18
  2018.7474    0.596    0.932    3.107   -0.006    0.699    1.793   0.09   0.07   0.18
  2018.8323    0.820    1.076    2.609   -0.100    1.673    3.990   0.11   0.09   0.20
  2018.9144    1.150    0.224    1.844    1.755    1.796    4.274   0.11   0.09   0.19
  2019.0000    1.503   -1.438    0.966   -1.403   -1.334   -2.101   0.12   0.10   0.19
  2019.0849    1.810   -3.439    0.183    6.425   -4.923   -0.575   0.15   0.11   0.23
  2019.1615    2.035   -5.196   -0.322    0.270   -5.304   -2.096   0.11   0.09   0.21
  2019.2464    2.168   -6.210   -0.475    2.060   -6.372    1.198   0.11   0.08   0.19
  2019.3285    2.217   -6.219   -0.342    2.663   -5.625    1.780   0.10   0.08   0.17
  2019.4134    2.211   -5.258   -0.059    0.360   -3.998   -1.158   0.11   0.08   0.19
  2019.4956    2.200   -3.609    0.283    3.073   -5.710    2.937   0.10   0.09   0.18
  2019.5804    2.252   -1.677    0.752    2.368   -1.074   -0.576   0.12   0.09   0.19
  2019.6653    2.435    0.127    1.581    3.191    0.123   -0.322   0.11   0.09   0.18
  2019.7474    2.785    1.481    3.036    2.460    2.102    1.664   0.12   0.09   0.20
  2019.8323    3.265    2.175    5.199    3.156    1.737    5.239   0.10   0.10   0.20
  2019.9144    3.750    2.114    7.798    4.516    2.562    7.042   0.11   0.09   0.20
  2020.0000    4.061    1.313   10.194    3.737    0.378   13.181   0.11   0.09   0.20
  2020.0849    4.024   -0.084   11.602    1.216    1.011   15.167   0.12   0.09   0.21
  2020.1643    3.547   -1.781   11.434    5.890   -3.396    9.763   0.13   0.10   0.22
  2020.2491    2.677   -3.342    9.616    3.145   -1.655    7.297   0.11   0.09   0.20
  2020.3313    1.602   -4.279    6.683    1.677   -4.468    6.618   0.11   0.09   0.19
  2020.4162    0.605   -4.211    3.583   -0.306   -4.781    2.031   0.11   0.09   0.18
  2020.4983   -0.017   -3.025    1.282    0.905   -3.529    0.983   0.11   0.08   0.18
  2020.5832   -0.040   -0.981    0.348   -0.199   -0.306   -1.598   0.11   0.08   0.20
  2020.6680    0.618    1.340    0.749   -1.048    1.179    4.997   0.12   0.09   0.19
  2020.7502    1.870    3.226    1.936    2.268    3.824    5.514   0.09   0.09   0.19
  2020.8350    3.470    4.102    3.170    4.734    2.918    4.672   0.11   0.09   0.19
  2020.9172    5.068    3.763    3.887    6.177    5.670   -0.613   0.13   0.11   0.22
  2021.0000    6.292    2.445    3.926    4.211    1.255   -2.659   0.12   0.11   0.23
  2021.0849    6.851    0.723    3.517    7.294    0.403    9.047   0.12   0.09   0.22
  2021.1615    6.614   -0.731    3.068    6.344   -1.099   -1.141   0.11   0.09   0.20
  2021.2464    5.661   -1.414    2.927    5.306   -1.285    8.025   0.11   0.08   0.19
  2021.3285    4.259   -1.161    3.226    5.235   -0.536    5.606   0.12   0.10   0.21
  2021.4134    2.789   -0.166    3.899    3.057    0.177    4.001   0.12   0.10   0.21
  2021.4956    1.622    1.142    4.803    2.425    1.569    1.145   0.12   0.10   0.21
  2021.5804    1.016    2.283    5.832   -0.744    1.686    4.841   0.13   0.10   0.20
  2021.6653    1.038    2.895    6.946   -0.620    2.435    7.440   0.09   0.07   0.17
  2021.7474    1.562    2.816    8.106    3.281    3.042    7.028   0.11   0.09   0.20
  2021.8323    2.326    2.081    9.185    4.425    0.472   10.263   0.10   0.09   0.18
  2021.9144    3.019    0.868    9.939    1.929    2.594   14.744   0.11   0.09   0.19
  2022.0000    3.381   -0.575   10.089    2.778   -1.332    7.003   0.12   0.10   0.19
  2022.0849    3.277   -1.971    9.437    1.903   -0.071    8.273   0.13   0.10   0.20
  2022.1615    2.735   -3.042    7.978    4.956   -2.456    5.013   0.12   0.10   0.22
  2022.2464    1.938   -3.531    5.916   -0.095   -5.762    9.235   0.11   0.09   0.19
  2022.3285    1.169   -3.248    3.597    1.426   -4.429    5.216   0.12   0.09   0.19
  2022.4134    0.723   -2.133    1.420    2.997   -1.456    0.836   0.11   0.08   0.19
  2022.4956    0.814   -0.324   -0.216    2.535    0.544   -0.526   0.12   0.09   0.20
  2022.5804    1.494    1.832   -0.946   -3.806    3.207   -3.094   0.12   0.10   0.21
  2022.6653    2.627    3.831   -0.478    2.179    2.246   -0.484   0.11   0.09   0.21
  2022.7474    3.928    5.155    1.300    7.064    5.113    3.319   0.12   0.11   0.22
  2022.8323    5.058    5.447    4.166    6.043    6.042    4.424   0.11   0.11   0.21
  2022.9144    5.736    4.645    7.476    5.256    3.602    7.393   0.11   0.10   0.22
  2023.0000    5.835    3.016   10.250    5.906    5.054    7.482   0.14   0.10   0.23
  2023.0849    5.409    1.046   11.504    1.420   -1.098   14.856   0.09   0.08   0.20
  2023.1615    4.657   -0.746   10.704    6.142   -0.246    6.763   0.11   0.10   0.20
  2023.2464    3.841   -2.009    8.118    6.983   -2.474   13.341   0.11   0.10   0.20
  2023.3285    3.198   -2.651    4.829    3.328   -0.741    5.003   0.11   0.09   0.20
  2023.4134    2.882   -2.796    2.320    1.147   -3.695   -1.361   0.13   0.09   0.23
